[[[[  1.40928999e-01   1.24835998e-01   1.27204001e-01 ...,
     -4.40870002e-02  -1.28250001e-02  -4.45000012e-04]
   [ -1.16149997e-02  -7.40600005e-03   2.30950005e-02 ...,
      6.93999976e-02   6.53090030e-02  -9.87450033e-02]
   [  1.66890007e-02  -5.88499987e-03  -1.26029998e-02 ...,
     -2.38500000e-03   4.61799977e-03  -5.09999983e-04]
   ..., 
   [  2.33089998e-02   6.43450022e-02  -8.67999974e-04 ...,
      1.88400003e-03   3.20390016e-02   8.71399976e-03]
   [ -4.24299994e-03   6.55310005e-02   6.35949969e-02 ...,
      4.36789989e-02  -1.12765998e-01   7.06700012e-02]
   [ -4.38770019e-02  -1.78350005e-02  -9.39339995e-02 ...,
      5.70130013e-02   4.44089994e-02   2.95199994e-02]]

  [[  1.70670003e-02  -1.03590004e-02   8.51699989e-03 ...,
      4.06900002e-03  -9.10000002e-04   8.42000009e-04]
   [ -0.00000000e+00  -2.05780998e-01  -2.03000009e-02 ...,
     -2.60199998e-02   5.64949997e-02  -3.10430005e-02]
   [ -2.28220001e-02   6.70899972e-02   3.34240012e-02 ...,
      4.29000007e-04  -6.68000022e-04  -2.99820006e-02]
   ..., 
   [  4.71369997e-02   9.59600043e-03  -1.70499994e-03 ...,
     -1.71910003e-02  -5.20600006e-03   1.50100002e-02]
   [ -0.00000000e+00  -9.63999983e-03  -6.88000000e-04 ...,
     -1.65800005e-03  -1.53500005e-03   6.85120001e-02]
   [ -2.32199999e-03  -7.51919970e-02   7.30999978e-04 ...,
      1.99010000e-02   8.78150016e-02   4.22430001e-02]]

  [[ -8.84210020e-02   5.94999990e-04  -4.27999999e-04 ...,
      9.99999975e-05   2.66999996e-04   2.19999999e-03]
   [  3.03320009e-02  -7.87699968e-02  -2.18860004e-02 ...,
      3.76999989e-04  -4.37099999e-03   3.82089987e-02]
   [ -7.32999993e-03  -2.84299999e-03   8.94299988e-03 ...,
     -3.49900010e-03   1.41100003e-03   1.26299995e-03]
   ..., 
   [ -3.62560004e-02  -8.06140006e-02  -3.02249994e-02 ...,
      2.34099990e-03   5.70000011e-05  -0.00000000e+00]
   [  2.59109996e-02  -6.30410016e-02   5.26000001e-03 ...,
      5.47900004e-03  -9.51300003e-03   1.56479999e-02]
   [ -8.01699981e-03  -4.64300020e-03  -1.41635999e-01 ...,
      5.14099980e-03  -5.98500017e-03  -1.78199995e-03]]]


 [[[ -2.73799989e-03   2.61000008e-04   9.05000023e-04 ...,
      3.28500010e-03   1.29699998e-03  -9.80000012e-04]
   [  1.44300004e-03   1.31500000e-03  -1.41200004e-03 ...,
      1.16689997e-02  -5.06799994e-03  -1.12730004e-02]
   [ -1.22689996e-02   8.19000008e-04   1.45159997e-02 ...,
      3.50419991e-02   2.69189999e-02   2.74110008e-02]
   ..., 
   [  3.17799998e-03   3.68300010e-03   9.22610015e-02 ...,
     -8.09600018e-03   6.03119992e-02  -1.61569994e-02]
   [  2.72599999e-02   1.10889999e-02  -1.30392000e-01 ...,
      7.21899979e-03   6.25800015e-03  -1.18400005e-03]
   [ -6.66500023e-03   1.06960004e-02  -9.21900012e-03 ...,
      7.53999979e-04   7.83999974e-04   1.29525006e-01]]

  [[  9.62280035e-02   4.51930016e-02  -1.71390008e-02 ...,
      7.36800022e-03  -1.70288995e-01  -9.17040035e-02]
   [ -6.74960017e-02  -6.24950007e-02   3.30999988e-04 ...,
      7.05000013e-04   1.97499990e-03  -3.15000000e-03]
   [ -1.29789999e-02  -3.38370018e-02  -6.74200011e-03 ...,
      2.76600011e-03  -3.03530004e-02   7.47000007e-03]
   ..., 
   [  4.72000008e-03  -8.82000022e-04   5.90000018e-05 ...,
     -4.61099995e-03   6.69999979e-04   1.39020002e-02]
   [  1.40800001e-03   7.66000012e-04  -3.12999997e-04 ...,
     -2.81429999e-02  -1.57130007e-02  -2.36920007e-02]
   [  3.06829996e-02   1.84519999e-02   1.66529994e-02 ...,
     -9.82899964e-03  -8.84599984e-03  -1.32000998e-01]]

  [[ -2.65670009e-02  -7.87699968e-03  -1.42810000e-02 ...,
     -4.10899986e-03   2.37999993e-04  -2.01000003e-04]
   [ -3.41699994e-03   3.68499989e-03  -6.01699995e-03 ...,
      1.28994003e-01  -1.91899994e-03   2.60400008e-02]
   [ -3.34720016e-02  -8.80900025e-03  -7.55010024e-02 ...,
     -5.67129999e-02   2.70500011e-03   4.75799991e-03]
   ..., 
   [  5.73500013e-03   7.44300010e-03   5.64899994e-03 ...,
      3.79390009e-02  -1.33238003e-01  -9.01100039e-03]
   [  3.60000005e-04  -4.64999990e-04  -6.94940016e-02 ...,
     -7.48559982e-02   1.69259999e-02   7.18099996e-03]
   [  1.55050000e-02   4.86130007e-02   7.57300034e-02 ...,
     -2.24210005e-02  -3.73159982e-02  -6.26200018e-03]]]


 [[[  1.02099997e-03  -6.85689971e-02  -4.26350012e-02 ...,
      1.02536999e-01   1.50904000e-01   5.73889986e-02]
   [ -9.89520028e-02   3.73310000e-02  -5.98399993e-03 ...,
     -1.28819998e-02   1.77250002e-02   2.53209993e-02]
   [  2.75600003e-03   7.57500017e-03  -4.26199986e-03 ...,
      1.83359999e-02  -3.85090001e-02   1.99689995e-02]
   ..., 
   [  2.24120002e-02  -1.06840003e-02   4.71599996e-02 ...,
     -4.74900007e-03   4.50300016e-02  -1.57244995e-01]
   [  8.40860009e-02  -2.63129994e-02   1.47320004e-02 ...,
      5.70919998e-02   8.50140005e-02   5.95859997e-02]
   [ -9.79999968e-05   2.34120004e-02  -1.71360001e-02 ...,
      4.47099982e-03   1.56420004e-02  -2.24000003e-04]]

  [[  5.53000020e-04   2.53499998e-03  -1.80887997e-01 ...,
     -9.30500031e-03  -1.47110000e-01   1.56536996e-01]
   [ -2.98270006e-02  -6.31320029e-02   3.69799999e-03 ...,
      0.00000000e+00   3.61999992e-04   7.50000036e-05]
   [  2.60940008e-02   3.68110016e-02   6.99239969e-02 ...,
      7.36140013e-02   6.08050004e-02   1.32910004e-02]
   ..., 
   [  6.44200016e-03   5.69000002e-03   1.87800005e-02 ...,
      1.05160000e-02  -2.83899996e-03  -1.60399999e-03]
   [  1.75411999e-01  -5.63299982e-03  -8.65940005e-02 ...,
      1.08709997e-02   3.58100012e-02   7.39390031e-02]
   [  4.07860018e-02  -6.35970011e-02  -2.89299991e-03 ...,
      1.40499999e-03  -1.71700004e-03   1.70899997e-03]]

  [[ -8.44999973e-04   2.54529994e-02  -8.95330012e-02 ...,
      4.56500007e-03  -3.93200014e-03   1.52089996e-02]
   [  7.00670034e-02  -1.52840000e-02  -4.94999997e-03 ...,
     -3.62799992e-03  -1.49480002e-02   4.73220013e-02]
   [  3.08199995e-03   6.82680011e-02  -3.87699995e-03 ...,
      5.79700014e-03  -7.33169988e-02  -4.05739993e-02]
   ..., 
   [  1.94300003e-02   5.50759993e-02  -9.59720016e-02 ...,
     -7.74599984e-03  -1.03150001e-02   4.10200004e-03]
   [  2.02259999e-02  -2.43510008e-02   5.05530015e-02 ...,
     -1.12364002e-01   1.93220004e-02  -6.98899990e-03]
   [ -1.06130000e-02  -4.43599978e-03  -8.20800010e-03 ...,
     -6.80400012e-03  -7.96699990e-03  -3.16599989e-03]]]


 ..., 
 [[[ -2.75600003e-03  -4.93999978e-04  -7.46999984e-04 ...,
     -7.74200037e-02  -9.21169966e-02  -2.04990003e-02]
   [  5.95800020e-03   4.21960019e-02  -9.41179991e-02 ...,
     -8.37720037e-02  -4.71200002e-03  -3.28539982e-02]
   [ -1.94889996e-02   2.19199993e-03  -3.49900010e-03 ...,
      1.14620002e-02   2.35840008e-02   2.94000003e-03]
   ..., 
   [  4.83869985e-02   8.61200038e-03   6.62420020e-02 ...,
     -2.65980009e-02   2.93900003e-03  -1.75699999e-03]
   [ -6.93999988e-04   3.52279991e-02   5.73190004e-02 ...,
     -1.10320002e-02   9.08800028e-03   1.34770004e-02]
   [  7.81999994e-03  -9.58000019e-04  -4.09599999e-03 ...,
     -5.50080016e-02   4.92939986e-02  -5.21209985e-02]]

  [[  1.05760999e-01  -4.67969999e-02  -2.57900008e-03 ...,
      1.80239994e-02   1.49710001e-02   5.05420007e-02]
   [  1.01990998e-01  -4.83600004e-03  -2.75389999e-02 ...,
     -1.42534003e-01  -3.13050002e-02   5.75600006e-03]
   [ -8.17400031e-03   7.48200016e-03   1.28400000e-03 ...,
      3.16370018e-02   5.43560013e-02   1.10118002e-01]
   ..., 
   [ -4.31100000e-03  -1.58016995e-01   4.61339988e-02 ...,
     -1.00000005e-03   1.49750002e-02   6.79320022e-02]
   [  6.03100006e-03   1.32179996e-02   7.90300034e-03 ...,
      1.23007998e-01   1.52337000e-01   2.32199999e-03]
   [  6.01000013e-03  -1.46540003e-02  -7.80270025e-02 ...,
      2.85679996e-02   2.76890006e-02  -1.61269996e-02]]

  [[  6.56499993e-03   2.04390008e-02   2.06569992e-02 ...,
     -1.42460000e-02  -2.46450007e-02  -1.33202001e-01]
   [ -9.77160037e-02   7.61739984e-02   2.17540003e-02 ...,
     -1.63039993e-02  -1.21141002e-01   1.09770000e-01]
   [  4.40540016e-02   9.48359966e-02  -5.59299998e-03 ...,
     -3.63399996e-03   7.60089979e-02   7.75720030e-02]
   ..., 
   [  1.01239998e-02  -2.06073001e-01   1.99200008e-02 ...,
      2.09899992e-02   1.47719998e-02   9.89099964e-03]
   [  2.77120005e-02   3.52910012e-02   9.56400018e-03 ...,
      1.34420004e-02   5.43599986e-02   5.42009994e-02]
   [  1.37859002e-01   1.71390008e-02  -7.56049976e-02 ...,
     -3.07499990e-03   4.18060012e-02  -2.27400009e-03]]]


 [[[  9.63179991e-02   7.57919997e-02   6.40690029e-02 ...,
     -5.52770011e-02  -5.71039990e-02  -7.33399987e-02]
   [ -1.32847995e-01  -1.68522000e-01  -3.35460007e-02 ...,
     -8.99500027e-02   1.63299998e-03   9.98899993e-03]
   [  2.88600009e-03   2.54900008e-03  -4.22880016e-02 ...,
     -8.27609971e-02   1.18496001e-01  -9.76840034e-02]
   ..., 
   [ -2.96800002e-03   1.08099997e-03  -0.00000000e+00 ...,
      4.49509993e-02   9.27060023e-02  -3.52060013e-02]
   [ -4.20439988e-02   6.27500005e-03   7.31900008e-03 ...,
      1.21569997e-02   1.57229993e-02  -1.92530006e-02]
   [  6.37600012e-03   5.12450002e-02  -2.24469993e-02 ...,
      1.43328995e-01   2.50700000e-03  -2.57309992e-02]]

  [[ -9.20180008e-02  -8.16579983e-02  -2.03259997e-02 ...,
     -2.91959997e-02   5.99760003e-02  -3.12980004e-02]
   [  4.82629985e-02   3.18100001e-03  -1.06000004e-03 ...,
      4.84699989e-03  -2.41199997e-03  -9.76600032e-03]
   [  2.92000012e-03   2.36000004e-03   2.49000004e-04 ...,
     -7.59020001e-02   2.84119993e-02   2.53780000e-02]
   ..., 
   [  2.86170002e-02   4.30299994e-03  -1.32980002e-02 ...,
     -2.49930006e-02  -2.11490002e-02  -5.11270016e-02]
   [  3.82260010e-02   1.70360003e-02  -6.83399988e-03 ...,
     -7.11859986e-02  -3.82039994e-02   9.54999996e-04]
   [  1.64699997e-03   7.14999973e-04  -5.66100003e-03 ...,
      1.65500003e-03  -3.60330008e-02   1.05680004e-02]]

  [[  7.55900005e-03  -1.47999998e-03  -4.20430005e-02 ...,
     -1.25384003e-01  -8.07500035e-02   5.45950010e-02]
   [  1.09200005e-03  -1.38699997e-03  -2.53800000e-03 ...,
      6.57799980e-03   8.78600031e-03  -5.52820005e-02]
   [  4.17199992e-02  -6.33700006e-03   2.06480008e-02 ...,
      1.35800000e-02   1.01117998e-01   2.37429999e-02]
   ..., 
   [  1.22530004e-02   8.79499968e-03   1.14590004e-02 ...,
      1.12899998e-02  -8.91129971e-02   9.05859992e-02]
   [  6.10000007e-02  -3.46009992e-02  -5.44800004e-03 ...,
     -3.46999994e-04  -3.07950005e-02  -5.86920008e-02]
   [  5.37150018e-02   5.56999992e-04   6.09999988e-05 ...,
      1.41056001e-01   1.42759997e-02  -1.22195996e-01]]]


 [[[ -5.13999984e-02   2.18790006e-02   4.82699983e-02 ...,
     -2.20340006e-02  -3.04370001e-02  -1.03709996e-02]
   [ -1.01200002e-03  -3.61000013e-04   2.18799990e-03 ...,
     -5.54000027e-04  -3.49900010e-03  -2.41900003e-03]
   [ -1.76699995e-03  -7.64800003e-03  -1.26861006e-01 ...,
      2.51700007e-03   1.38739999e-02   8.37299973e-03]
   ..., 
   [ -1.11000001e-04  -3.95000010e-04   2.79150009e-02 ...,
      1.04959998e-02  -9.81799979e-03   5.52600017e-03]
   [  1.09569998e-02   7.28949979e-02  -1.30939996e-02 ...,
     -1.02599999e-02  -6.52069971e-02   3.78799997e-02]
   [ -2.55290009e-02   7.70270005e-02  -1.04305997e-01 ...,
      4.49900003e-03   2.67899991e-03  -5.36210015e-02]]

  [[ -2.09509991e-02  -1.84659995e-02  -6.48999994e-04 ...,
     -6.14200020e-03  -9.63279977e-02  -7.40379989e-02]
   [ -1.45300000e-03  -7.73099996e-03   9.13000025e-04 ...,
      6.75389990e-02   9.69200023e-03   2.33379994e-02]
   [  5.28710000e-02   1.09599996e-03  -1.09740002e-02 ...,
     -4.67299996e-03  -1.81299995e-03   3.69389988e-02]
   ..., 
   [  9.82189998e-02   8.42000009e-04   7.51799997e-03 ...,
      3.01789995e-02   4.25590016e-02   3.30599993e-02]
   [ -5.52000012e-04  -1.08900003e-03   3.91899981e-03 ...,
     -9.63100046e-03   1.75529998e-02  -1.46369999e-02]
   [  2.14100000e-03  -1.32699998e-03   2.29579993e-02 ...,
      4.50089984e-02  -0.00000000e+00  -9.63199977e-03]]

  [[ -4.74079996e-02  -7.08789974e-02   7.10780025e-02 ...,
     -4.49009985e-02  -9.42000002e-03  -7.74049982e-02]
   [  4.98819984e-02   1.98730007e-02   4.04159985e-02 ...,
      1.33400003e-03  -1.84499996e-03   0.00000000e+00]
   [ -9.64000006e-04  -1.31770000e-02   3.81929986e-02 ...,
      1.25862002e-01  -1.54689997e-02   5.50710000e-02]
   ..., 
   [  6.29899977e-03   1.71680003e-02   1.56919993e-02 ...,
     -9.64000006e-04  -6.53300015e-03  -4.74149995e-02]
   [ -7.06500001e-03  -1.19359996e-02   4.84899990e-03 ...,
      6.79059997e-02   8.55300017e-03   4.00299998e-03]
   [  1.32799998e-03   1.65123001e-01   1.20200999e-01 ...,
     -2.72649992e-02  -3.23569998e-02  -4.69839983e-02]]]]
904
['n04589890 window screen' 'n04332243 strainer' 'n04209239 shower curtain'
 'n03788365 mosquito net'
 'n03691459 loudspeaker, speaker, speaker unit, loudspeaker system, speaker system']
Done in 0.09 s.
