[[[[  1.41521364e-01   9.86792594e-02   5.10311387e-02 ...,
     -2.56526787e-02  -4.14999537e-02  -6.12145513e-02]
   [  7.50068426e-02   1.18295047e-02   2.37946957e-03 ...,
     -1.56603828e-02   1.29705556e-02  -2.96177082e-02]
   [  2.93250941e-02  -2.22912356e-02  -2.75532659e-02 ...,
     -7.70370811e-02  -2.22912356e-02  -3.16971987e-02]
   ..., 
   [  6.71154112e-02   2.66146269e-02   2.12457757e-02 ...,
     -2.75532659e-02   0.00000000e+00  -5.79396412e-02]
   [  1.18313141e-01   3.22962813e-02   0.00000000e+00 ...,
     -1.71907060e-02   2.37946957e-03  -6.12145513e-02]
   [  1.83662117e-01   8.43215138e-02   2.93250941e-02 ...,
     -1.00356685e-02  -1.38977617e-02  -9.01956707e-02]]

  [[  9.86792594e-02   6.71154112e-02   3.22962813e-02 ...,
     -5.79396412e-02  -9.01956707e-02  -1.56401202e-01]
   [  8.43215138e-02   3.99612412e-02   3.99612412e-02 ...,
     -2.39135139e-02  -1.21515254e-02  -1.03369452e-01]
   [  8.43215138e-02   4.38051261e-02   3.99612412e-02 ...,
     -6.12145513e-02  -4.14999537e-02  -1.00512393e-01]
   ..., 
   [  7.24399835e-02   5.48166074e-02   5.79704940e-02 ...,
     -2.96177082e-02  -2.75532659e-02  -1.11888789e-01]
   [  9.36092213e-02   5.48166074e-02   4.38051261e-02 ...,
     -1.71907060e-02  -1.89603735e-02  -1.00512393e-01]
   [  1.41521364e-01   8.83610770e-02   6.13947101e-02 ...,
     -1.00356685e-02  -3.16971987e-02  -1.34115234e-01]]

  [[  7.78529570e-02   4.74543609e-02   9.45715234e-03 ...,
     -8.15444812e-02  -1.20914951e-01  -2.18869641e-01]
   [  8.08150768e-02   4.38051261e-02   2.37133298e-02 ...,
     -3.36563699e-02  -1.56603828e-02  -1.29573151e-01]
   [  8.08150768e-02   4.74543609e-02   2.66146269e-02 ...,
     -6.12145513e-02  -3.56866196e-02  -1.09131806e-01]
   ..., 
   [  1.04031682e-01   7.78529570e-02   6.43372759e-02 ...,
     -2.56526787e-02  -1.00356685e-02  -1.03369452e-01]
   [  1.41521364e-01   9.86792594e-02   5.79704940e-02 ...,
     -1.56603828e-02  -2.50189030e-03  -8.15444812e-02]
   [  1.73295423e-01   1.30580276e-01   8.43215138e-02 ...,
     -2.50189030e-03  -2.22912356e-02  -1.20914951e-01]]]


 [[[ -4.48269248e-02  -6.12145513e-02  -2.96177082e-02 ...,
      1.18295047e-02   2.37946957e-03  -8.28561373e-03]
   [ -6.66446611e-02  -8.58293399e-02  -2.50189030e-03 ...,
      1.66948140e-02   0.00000000e+00  -2.50189030e-03]
   [ -5.49539663e-02  -8.58293399e-02   1.42129734e-02 ...,
      5.10311387e-02   2.12457757e-02   1.18295047e-02]
   ..., 
   [  4.52569174e-03  -7.34993592e-02  -1.71907060e-02 ...,
      1.57392532e-01  -1.21515254e-02  -5.79396412e-02]
   [ -1.71907060e-02  -5.18720709e-02  -2.50189030e-03 ...,
      1.22621931e-01  -4.85471673e-02  -6.89083189e-02]
   [ -2.22912356e-02   0.00000000e+00   2.93250941e-02 ...,
     -6.46785693e-03  -7.70370811e-02  -7.34993592e-02]]

  [[ -7.09834918e-02  -9.40367654e-02  -2.22912356e-02 ...,
      2.93250941e-02  -3.75584350e-05  -2.22912356e-02]
   [ -1.17479809e-01  -1.17479809e-01   2.12457757e-02 ...,
      5.48166074e-02  -3.75584350e-05  -2.96177082e-02]
   [ -1.11888789e-01  -1.17479809e-01   4.74543609e-02 ...,
      7.78529570e-02   4.52569174e-03  -2.22912356e-02]
   ..., 
   [ -2.39135139e-02  -8.15444812e-02   1.29705556e-02 ...,
      1.88723922e-01  -2.56526787e-02  -9.40367654e-02]
   [ -2.22912356e-02  -3.16971987e-02   5.79704940e-02 ...,
      1.46948725e-01  -7.70370811e-02  -1.20914951e-01]
   [ -1.89603735e-02   1.79474968e-02   6.43372759e-02 ...,
     -2.75532659e-02  -1.39726579e-01  -1.29573151e-01]]

  [[ -4.48269248e-02  -4.48269248e-02   8.40712991e-03 ...,
      3.22962813e-02   1.29705556e-02   2.37946957e-03]
   [ -7.34993592e-02  -5.49539663e-02   6.13947101e-02 ...,
      2.93250941e-02  -3.75584350e-05  -1.38977617e-02]
   [ -6.12145513e-02  -5.49539663e-02   7.50068426e-02 ...,
      2.93250941e-02  -1.00356685e-02  -2.05907058e-02]
   ..., 
   [  0.00000000e+00  -4.14999537e-02   2.93250941e-02 ...,
      1.18313141e-01  -6.12145513e-02  -8.15444812e-02]
   [ -6.46785693e-03  -2.50189030e-03   5.10311387e-02 ...,
      8.08150768e-02  -9.40367654e-02  -1.00512393e-01]
   [ -2.56526787e-02   2.12457757e-02   4.38051261e-02 ...,
     -7.09834918e-02  -1.51519850e-01  -1.34115234e-01]]]


 [[[  4.52569174e-03  -3.75584350e-05   7.07851397e-03 ...,
     -2.56526787e-02  -8.28561373e-03  -3.75584350e-05]
   [ -2.22912356e-02  -6.46785693e-03   5.48166074e-02 ...,
     -4.48269248e-02  -2.50189030e-03   4.52569174e-03]
   [ -3.56866196e-02   4.74543609e-02   6.43372759e-02 ...,
     -3.16971987e-02   3.22962813e-02   7.07851397e-03]
   ..., 
   [ -6.46785693e-03   5.79704940e-02  -6.89083189e-02 ...,
      8.43215138e-02   6.97168484e-02   1.18295047e-02]
   [  2.37946957e-03   1.42129734e-02  -9.01956707e-02 ...,
      6.13947101e-02   3.99612412e-02  -1.38977617e-02]
   [  1.42129734e-02  -4.61892784e-03  -1.38977617e-02 ...,
      2.37133298e-02   2.66146269e-02  -4.61892784e-03]]

  [[ -8.28561373e-03   9.45715234e-03   9.36092213e-02 ...,
     -4.85471673e-02  -1.71907060e-02  -4.61892784e-03]
   [ -2.56526787e-02   7.50068426e-02   1.93538859e-01 ...,
     -1.61202937e-01  -2.75532659e-02   1.79474968e-02]
   [ -1.00356685e-02   1.93538859e-01   2.03481793e-01 ...,
     -2.24122405e-01   5.79704940e-02   5.79704940e-02]
   ..., 
   [  6.13947101e-02   1.73295423e-01  -2.18869641e-01 ...,
      1.36693001e-01   1.79253474e-01   3.59583348e-02]
   [  4.38051261e-02   5.82246296e-03  -2.48789564e-01 ...,
      1.52187213e-01   7.50068426e-02  -2.50189030e-03]
   [  1.07223867e-02  -4.14999537e-02  -8.58293399e-02 ...,
      6.43372759e-02   4.38051261e-02   2.37946957e-03]]

  [[ -2.50189030e-03   4.52569174e-03   6.97168484e-02 ...,
     -4.85471673e-02  -1.89603735e-02   2.37946957e-03]
   [ -3.16971987e-02   4.38051261e-02   1.41521364e-01 ...,
     -1.29573151e-01  -1.89603735e-02   2.66146269e-02]
   [ -1.89603735e-02   1.41521364e-01   1.41521364e-01 ...,
     -1.61202937e-01   6.71154112e-02   5.79704940e-02]
   ..., 
   [  3.99612412e-02   1.26077995e-01  -1.56401202e-01 ...,
      1.22621931e-01   1.26077995e-01   2.37946957e-03]
   [  3.99612412e-02   4.52569174e-03  -1.91622436e-01 ...,
      1.26077995e-01   5.10311387e-02  -1.89603735e-02]
   [  7.63289258e-03  -4.85471673e-02  -6.41555488e-02 ...,
      6.97168484e-02   5.79704940e-02   7.07851397e-03]]]


 ..., 
 [[[  1.18295047e-02  -8.28561373e-03  -9.40367654e-02 ...,
     -2.50189030e-03   1.94081515e-02   2.37946957e-03]
   [  2.37946957e-03  -4.48269248e-02   2.37946957e-03 ...,
      4.74543609e-02   3.59583348e-02  -1.38977617e-02]
   [ -5.79396412e-02   6.43372759e-02  -1.81796402e-01 ...,
      1.73295423e-01  -6.41555488e-02  -2.05907058e-02]
   ..., 
   [  2.93250941e-02  -1.48308918e-01   2.14871913e-01 ...,
     -1.39726579e-01   9.36092213e-02  -8.58293399e-02]
   [  1.66948140e-02  -2.39135139e-02   1.41521364e-01 ...,
      2.12457757e-02  -7.09834918e-02   2.37946957e-03]
   [ -8.28561373e-03   3.22962813e-02   4.38051261e-02 ...,
     -7.70370811e-02  -5.49539663e-02   9.45715234e-03]]

  [[  1.07223867e-02   1.07223867e-02  -5.49539663e-02 ...,
      2.12457757e-02   6.54253084e-03   1.07223867e-02]
   [  0.00000000e+00  -6.46785693e-03   1.42129734e-02 ...,
      1.04031682e-01   1.79474968e-02  -2.22912356e-02]
   [ -2.96177082e-02   1.09284990e-01  -3.14996809e-01 ...,
      2.14871913e-01  -1.86551943e-01  -4.61892784e-03]
   ..., 
   [  2.37133298e-02  -2.35190228e-01   3.43090236e-01 ...,
     -3.63373011e-01   1.62587658e-01  -5.79396412e-02]
   [ -2.50189030e-03  -3.16971987e-02   2.07059532e-01 ...,
      1.55552560e-02  -8.28561373e-03   1.42129734e-02]
   [ -1.71907060e-02   2.12457757e-02   3.99612412e-02 ...,
     -2.75532659e-02   2.37946957e-03   6.71154112e-02]]

  [[  7.63289258e-03   2.66146269e-02  -2.75532659e-02 ...,
     -2.75532659e-02  -1.89603735e-02   6.54253084e-03]
   [ -1.38977617e-02   1.29705556e-02   6.97168484e-02 ...,
      1.79474968e-02   9.45715234e-03  -3.75584350e-05]
   [ -2.96177082e-02   1.88723922e-01  -2.18869641e-01 ...,
      9.86792594e-02  -1.06266655e-01   4.38051261e-02]
   ..., 
   [  6.71154112e-02  -1.86551943e-01   1.62587658e-01 ...,
     -2.08696976e-01   2.31003582e-01  -4.48269248e-02]
   [  1.07223867e-02  -5.18720709e-02   1.04031682e-01 ...,
      1.14153467e-01   1.18295047e-02  -1.56603828e-02]
   [ -2.50189030e-03   1.18295047e-02   2.37946957e-03 ...,
      4.74543609e-02  -2.50189030e-03  -6.46785693e-03]]]


 [[[ -2.50189030e-03  -1.71907060e-02  -8.28561373e-03 ...,
      8.43215138e-02   2.07059532e-01   2.70358503e-01]
   [ -4.85471673e-02  -4.14999537e-02  -3.56866196e-02 ...,
      1.66948140e-02   6.43372759e-02   1.41521364e-01]
   [ -7.70370811e-02  -4.48269248e-02  -7.09834918e-02 ...,
     -1.38977617e-02   1.94081515e-02   8.43215138e-02]
   ..., 
   [ -5.18720709e-02  -1.56603828e-02  -3.16971987e-02 ...,
     -2.39135139e-02   2.12457757e-02   1.18313141e-01]
   [ -8.15444812e-02  -4.48269248e-02  -5.18720709e-02 ...,
     -6.46785693e-03   2.37946957e-03   1.09284990e-01]
   [ -1.14780448e-01  -9.01956707e-02  -6.89083189e-02 ...,
     -1.00356685e-02   2.93250941e-02   1.73295423e-01]]

  [[ -5.49539663e-02  -6.66446611e-02  -5.79396412e-02 ...,
      3.99612412e-02   1.41521364e-01   1.88723922e-01]
   [ -8.15444812e-02  -7.34993592e-02  -7.34993592e-02 ...,
     -3.75584350e-05   4.38051261e-02   9.36092213e-02]
   [ -9.01956707e-02  -6.12145513e-02  -8.58293399e-02 ...,
     -3.75584350e-05   4.38051261e-02   8.43215138e-02]
   ..., 
   [ -3.84296179e-02  -1.56603828e-02  -3.16971987e-02 ...,
     -4.61892784e-03   2.93250941e-02   1.04031682e-01]
   [ -5.18720709e-02  -2.22912356e-02  -2.56526787e-02 ...,
      2.37133298e-02   3.22962813e-02   9.86792594e-02]
   [ -6.89083189e-02  -5.18720709e-02  -2.56526787e-02 ...,
      1.94081515e-02   4.38051261e-02   1.52187213e-01]]

  [[ -8.28561373e-03  -4.61892784e-03   2.37946957e-03 ...,
      8.08150768e-02   1.79253474e-01   2.07059532e-01]
   [ -4.48269248e-02  -2.22912356e-02  -2.39135139e-02 ...,
      2.93250941e-02   8.08150768e-02   1.26077995e-01]
   [ -7.34993592e-02  -3.36563699e-02  -6.41555488e-02 ...,
      2.37946957e-03   6.43372759e-02   9.86792594e-02]
   ..., 
   [ -5.18720709e-02  -4.61892784e-03  -2.22912356e-02 ...,
     -2.05907058e-02   1.94081515e-02   7.50068426e-02]
   [ -6.89083189e-02  -1.56603828e-02  -2.56526787e-02 ...,
      0.00000000e+00   6.54253084e-03   4.38051261e-02]
   [ -1.09131806e-01  -7.34993592e-02  -4.85471673e-02 ...,
     -1.71907060e-02  -2.50189030e-03   6.71154112e-02]]]


 [[[  3.22962813e-02  -2.50189030e-03  -5.18720709e-02 ...,
      0.00000000e+00   3.59583348e-02   4.38051261e-02]
   [  3.59583348e-02  -6.12145513e-02  -1.25226676e-01 ...,
      3.99612412e-02   1.04031682e-01   6.13947101e-02]
   [  2.37133298e-02  -5.49539663e-02  -6.89083189e-02 ...,
      7.50068426e-02   9.86792594e-02   2.12457757e-02]
   ..., 
   [ -4.48269248e-02   2.12457757e-02   9.86792594e-02 ...,
     -1.56603828e-02  -5.79396412e-02  -6.66446611e-02]
   [ -2.96177082e-02   7.50068426e-02   1.26077995e-01 ...,
     -5.18720709e-02  -1.03369452e-01  -7.70370811e-02]
   [ -1.00356685e-02   3.99612412e-02   5.79704940e-02 ...,
     -7.70370811e-02  -6.89083189e-02  -2.75532659e-02]]

  [[  1.94081515e-02  -4.48269248e-02  -1.14780448e-01 ...,
     -1.21515254e-02   3.59583348e-02   5.79704940e-02]
   [  1.94081515e-02  -1.14780448e-01  -1.86551943e-01 ...,
      5.10311387e-02   1.26077995e-01   8.83610770e-02]
   [ -3.75584350e-05  -1.03369452e-01  -1.14780448e-01 ...,
      1.04031682e-01   1.30580276e-01   5.10311387e-02]
   ..., 
   [ -4.85471673e-02   1.66948140e-02   1.22621931e-01 ...,
      5.82246296e-03  -5.79396412e-02  -6.89083189e-02]
   [ -1.89603735e-02   1.04031682e-01   1.79253474e-01 ...,
     -5.18720709e-02  -1.20914951e-01  -8.58293399e-02]
   [  0.00000000e+00   6.43372759e-02   9.86792594e-02 ...,
     -9.01956707e-02  -8.58293399e-02  -3.84296179e-02]]

  [[  8.40712991e-03  -4.14999537e-02  -8.58293399e-02 ...,
     -3.75584350e-05   2.66146269e-02   3.59583348e-02]
   [  2.37133298e-02  -8.15444812e-02  -1.48308918e-01 ...,
      3.22962813e-02   9.36092213e-02   5.10311387e-02]
   [  1.66948140e-02  -6.89083189e-02  -9.74430442e-02 ...,
      7.24399835e-02   9.36092213e-02   1.42129734e-02]
   ..., 
   [ -5.18720709e-02   1.79474968e-02   1.30580276e-01 ...,
     -3.75584350e-05  -6.12145513e-02  -7.70370811e-02]
   [ -2.75532659e-02   9.86792594e-02   1.88723922e-01 ...,
     -4.48269248e-02  -1.11888789e-01  -8.15444812e-02]
   [ -2.50189030e-03   6.97168484e-02   1.09284990e-01 ...,
     -8.58293399e-02  -8.15444812e-02  -4.48269248e-02]]]]
278
['n02119789 kit fox, Vulpes macrotis' 'n02119022 red fox, Vulpes vulpes'
 'n02113023 Pembroke, Pembroke Welsh corgi' 'n02909870 bucket, pail'
 'n02120505 grey fox, gray fox, Urocyon cinereoargenteus']
Done in 0.14 s.
